  2.000000000000000E-003  2.000000000000000E-003  -1.60977856806813     
  2.000000000000000E-003  0.302332916666667       -1.69062186202973     
  2.000000000000000E-003  0.602665833333333       -1.52061992948291     
  2.000000000000000E-003  0.902998750000000       -1.20664452195366     
  2.000000000000000E-003   1.20333166666667      -0.953363808924950     
  2.000000000000000E-003   1.50366458333333      -0.771814684143346     
  2.000000000000000E-003   1.80399750000000      -0.647749354590460     
  2.000000000000000E-003   2.10433041666667      -0.574119816950231     
  2.000000000000000E-003   2.40466333333333      -0.533382391619613     
  2.000000000000000E-003   2.70499625000000      -0.514873702437162     
  2.000000000000000E-003   3.00532916666667      -0.500424599153404     
  2.000000000000000E-003   3.30566208333333      -0.462854186743153     
  2.000000000000000E-003   3.60599500000000      -0.410506267698402     
  2.000000000000000E-003   3.90632791666667      -0.380258708068141     
  2.000000000000000E-003   4.20666083333333      -0.343354983608734     
  2.000000000000000E-003   4.50699375000000      -0.305474843477917     
  2.000000000000000E-003   4.80732666666667      -0.268100520043996     
  2.000000000000000E-003   5.10765958333333      -0.232288985298456     
  2.000000000000000E-003   5.40799250000000      -0.198007027814791     
  2.000000000000000E-003   5.70832541666667      -0.157663991645853     
  2.000000000000000E-003   6.00865833333333      -0.116568568664756     
  2.000000000000000E-003   6.30899125000000      -7.549732473895052E-002
  2.000000000000000E-003   6.60932416666667      -3.307986913460703E-002
  2.000000000000000E-003   6.90965708333333      -8.645928375163940E-003
  2.000000000000000E-003   7.20999000000000      -1.153045448608596E-002
  0.302332916666667       2.000000000000000E-003  -1.69062220070810     
  0.302332916666667       0.302332916666667       -1.49574562094750     
  0.302332916666667       0.602665833333333       -1.32911217125015     
  0.302332916666667       0.902998750000000       -1.10697542186416     
  0.302332916666667        1.20333166666667      -0.900252157229114     
  0.302332916666667        1.50366458333333      -0.744301968701639     
  0.302332916666667        1.80399750000000      -0.636378763943747     
  0.302332916666667        2.10433041666667      -0.566448902292993     
  0.302332916666667        2.40466333333333      -0.525344050178776     
  0.302332916666667        2.70499625000000      -0.504303922200056     
  0.302332916666667        3.00532916666667      -0.486022905741365     
  0.302332916666667        3.30566208333333      -0.448630547340277     
  0.302332916666667        3.60599500000000      -0.397334253706941     
  0.302332916666667        3.90632791666667      -0.364129453403853     
  0.302332916666667        4.20666083333333      -0.332981645418440     
  0.302332916666667        4.50699375000000      -0.299230752339253     
  0.302332916666667        4.80732666666667      -0.264367182624004     
  0.302332916666667        5.10765958333333      -0.230610994731514     
  0.302332916666667        5.40799250000000      -0.198107853096671     
  0.302332916666667        5.70832541666667      -0.164001353839865     
  0.302332916666667        6.00865833333333      -0.127904426745114     
  0.302332916666667        6.30899125000000      -9.161655810813681E-002
  0.302332916666667        6.60932416666667      -6.075221431269650E-002
  0.302332916666667        6.90965708333333      -3.773474116043089E-002
  0.302332916666667        7.20999000000000      -3.871817697059804E-004
  0.602665833333333       2.000000000000000E-003  -1.52062073202648     
  0.602665833333333       0.302332916666667       -1.32911222706171     
  0.602665833333333       0.602665833333333       -1.11212574718548     
  0.602665833333333       0.902998750000000      -0.952859275403257     
  0.602665833333333        1.20333166666667      -0.812449511967013     
  0.602665833333333        1.50366458333333      -0.695722799243592     
  0.602665833333333        1.80399750000000      -0.607592764649172     
  0.602665833333333        2.10433041666667      -0.545651964897051     
  0.602665833333333        2.40466333333333      -0.504216840707350     
  0.602665833333333        2.70499625000000      -0.477895752120966     
  0.602665833333333        3.00532916666667      -0.453313368869551     
  0.602665833333333        3.30566208333333      -0.417987153442998     
  0.602665833333333        3.60599500000000      -0.375286147959320     
  0.602665833333333        3.90632791666667      -0.341095418201377     
  0.602665833333333        4.20666083333333      -0.313413713122833     
  0.602665833333333        4.50699375000000      -0.285378325433872     
  0.602665833333333        4.80732666666667      -0.255512233579628     
  0.602665833333333        5.10765958333333      -0.226185682410414     
  0.602665833333333        5.40799250000000      -0.196936280974244     
  0.602665833333333        5.70832541666667      -0.166759686162731     
  0.602665833333333        6.00865833333333      -0.136355876877931     
  0.602665833333333        6.30899125000000      -0.107982551702059     
  0.602665833333333        6.60932416666667      -8.267523703280466E-002
  0.602665833333333        6.90965708333333      -5.103803053697493E-002
  0.602665833333333        7.20999000000000      -1.317883636054797E-002
  0.902998750000000       2.000000000000000E-003  -1.20664515062956     
  0.902998750000000       0.302332916666667       -1.10697548452972     
  0.902998750000000       0.602665833333333      -0.952859234096729     
  0.902998750000000       0.902998750000000      -0.826582777091239     
  0.902998750000000        1.20333166666667      -0.724490484006727     
  0.902998750000000        1.50366458333333      -0.638762265900951     
  0.902998750000000        1.80399750000000      -0.569738822759261     
  0.902998750000000        2.10433041666667      -0.516824773565437     
  0.902998750000000        2.40466333333333      -0.476951571016300     
  0.902998750000000        2.70499625000000      -0.446439226580721     
  0.902998750000000        3.00532916666667      -0.418779365482264     
  0.902998750000000        3.30566208333333      -0.386794221643214     
  0.902998750000000        3.60599500000000      -0.352065098210745     
  0.902998750000000        3.90632791666667      -0.321196377770826     
  0.902998750000000        4.20666083333333      -0.295170375676595     
  0.902998750000000        4.50699375000000      -0.270431333523458     
  0.902998750000000        4.80732666666667      -0.245310815884220     
  0.902998750000000        5.10765958333333      -0.220042664748354     
  0.902998750000000        5.40799250000000      -0.194376506721455     
  0.902998750000000        5.70832541666667      -0.168376228246821     
  0.902998750000000        6.00865833333333      -0.142846867378671     
  0.902998750000000        6.30899125000000      -0.118679343665033     
  0.902998750000000        6.60932416666667      -9.465716208332571E-002
  0.902998750000000        6.90965708333333      -6.799127345452595E-002
  0.902998750000000        7.20999000000000      -4.246585928699224E-002
   1.20333166666667       2.000000000000000E-003 -0.953364543848736     
   1.20333166666667       0.302332916666667      -0.900252169032116     
   1.20333166666667       0.602665833333333      -0.812449615353467     
   1.20333166666667       0.902998750000000      -0.724490342883684     
   1.20333166666667        1.20333166666667      -0.648731973601063     
   1.20333166666667        1.50366458333333      -0.583938900024259     
   1.20333166666667        1.80399750000000      -0.529410559960401     
   1.20333166666667        2.10433041666667      -0.484623117841864     
   1.20333166666667        2.40466333333333      -0.447965464183158     
   1.20333166666667        2.70499625000000      -0.416910399133719     
   1.20333166666667        3.00532916666667      -0.388372416675162     
   1.20333166666667        3.30566208333333      -0.359631667022657     
   1.20333166666667        3.60599500000000      -0.330541787781343     
   1.20333166666667        3.90632791666667      -0.303553079004094     
   1.20333166666667        4.20666083333333      -0.279507280615434     
   1.20333166666667        4.50699375000000      -0.257095769569935     
   1.20333166666667        4.80732666666667      -0.235116616983685     
   1.20333166666667        5.10765958333333      -0.212934915263782     
   1.20333166666667        5.40799250000000      -0.190397423924808     
   1.20333166666667        5.70832541666667      -0.167862572384590     
   1.20333166666667        6.00865833333333      -0.145929706103500     
   1.20333166666667        6.30899125000000      -0.124813011780099     
   1.20333166666667        6.60932416666667      -0.104088680039122     
   1.20333166666667        6.90965708333333      -8.407937896619209E-002
   1.20333166666667        7.20999000000000      -6.412417303923315E-002
   1.50366458333333       2.000000000000000E-003 -0.771815624193939     
   1.50366458333333       0.302332916666667      -0.744301949502845     
   1.50366458333333       0.602665833333333      -0.695723011995391     
   1.50366458333333       0.902998750000000      -0.638762188343317     
   1.50366458333333        1.20333166666667      -0.583938785179169     
   1.50366458333333        1.50366458333333      -0.534146296803260     
   1.50366458333333        1.80399750000000      -0.490162584439219     
   1.50366458333333        2.10433041666667      -0.452119407898267     
   1.50366458333333        2.40466333333333      -0.419260168928964     
   1.50366458333333        2.70499625000000      -0.390096034369107     
   1.50366458333333        3.00532916666667      -0.362944933641450     
   1.50366458333333        3.30566208333333      -0.336659599999065     
   1.50366458333333        3.60599500000000      -0.311209860464606     
   1.50366458333333        3.90632791666667      -0.287339512642515     
   1.50366458333333        4.20666083333333      -0.265408858159525     
   1.50366458333333        4.50699375000000      -0.244939696543530     
   1.50366458333333        4.80732666666667      -0.225113946986450     
   1.50366458333333        5.10765958333333      -0.205303136904061     
   1.50366458333333        5.40799250000000      -0.185335469498602     
   1.50366458333333        5.70832541666667      -0.165507877481575     
   1.50366458333333        6.00865833333333      -0.146306043401326     
   1.50366458333333        6.30899125000000      -0.127990074217830     
   1.50366458333333        6.60932416666667      -0.110628228519394     
   1.50366458333333        6.90965708333333      -9.485872894240931E-002
   1.50366458333333        7.20999000000000      -7.963478981431113E-002
   1.80399750000000       2.000000000000000E-003 -0.647749920720490     
   1.80399750000000       0.302332916666667      -0.636378756263247     
   1.80399750000000       0.602665833333333      -0.607592861723317     
   1.80399750000000       0.902998750000000      -0.569738923348417     
   1.80399750000000        1.20333166666667      -0.529410558936104     
   1.80399750000000        1.50366458333333      -0.490162582359381     
   1.80399750000000        1.80399750000000      -0.453815818150335     
   1.80399750000000        2.10433041666667      -0.421094952184124     
   1.80399750000000        2.40466333333333      -0.391830810505485     
   1.80399750000000        2.70499625000000      -0.365227836708682     
   1.80399750000000        3.00532916666667      -0.340327187791922     
   1.80399750000000        3.30566208333333      -0.316502910903591     
   1.80399750000000        3.60599500000000      -0.293703306141718     
   1.80399750000000        3.90632791666667      -0.272229073109230     
   1.80399750000000        4.20666083333333      -0.252236513315398     
   1.80399750000000        4.50699375000000      -0.233461363144732     
   1.80399750000000        4.80732666666667      -0.215361575164374     
   1.80399750000000        5.10765958333333      -0.197454935573323     
   1.80399750000000        5.40799250000000      -0.179577832231286     
   1.80399750000000        5.70832541666667      -0.161919530187070     
   1.80399750000000        6.00865833333333      -0.144844027063933     
   1.80399750000000        6.30899125000000      -0.128673680031801     
   1.80399750000000        6.60932416666667      -0.113655583602041     
   1.80399750000000        6.90965708333333      -0.100238329256764     
   1.80399750000000        7.20999000000000      -8.919181295516383E-002
   2.10433041666667       2.000000000000000E-003 -0.574120073476873     
   2.10433041666667       0.302332916666667      -0.566449031367594     
   2.10433041666667       0.602665833333333      -0.545652088403336     
   2.10433041666667       0.902998750000000      -0.516824881191313     
   2.10433041666667        1.20333166666667      -0.484623163582998     
   2.10433041666667        1.50366458333333      -0.452119428288282     
   2.10433041666667        1.80399750000000      -0.421094963457251     
   2.10433041666667        2.10433041666667      -0.392417998715388     
   2.10433041666667        2.40466333333333      -0.366224919716639     
   2.10433041666667        2.70499625000000      -0.342124200399892     
   2.10433041666667        3.00532916666667      -0.319531321814558     
   2.10433041666667        3.30566208333333      -0.298020963681629     
   2.10433041666667        3.60599500000000      -0.277495373165027     
   2.10433041666667        3.90632791666667      -0.258072727267954     
   2.10433041666667        4.20666083333333      -0.239817705638066     
   2.10433041666667        4.50699375000000      -0.222560682992330     
   2.10433041666667        4.80732666666667      -0.205943711697073     
   2.10433041666667        5.10765958333333      -0.189623654157310     
   2.10433041666667        5.40799250000000      -0.173458430186841     
   2.10433041666667        5.70832541666667      -0.157544538364528     
   2.10433041666667        6.00865833333333      -0.142107240806431     
   2.10433041666667        6.30899125000000      -0.127374853539545     
   2.10433041666667        6.60932416666667      -0.113596164811607     
   2.10433041666667        6.90965708333333      -0.101211660475000     
   2.10433041666667        7.20999000000000      -9.088096646239571E-002
   2.40466333333333       2.000000000000000E-003 -0.533382698250902     
   2.40466333333333       0.302332916666667      -0.525344299600831     
   2.40466333333333       0.602665833333333      -0.504216998593559     
   2.40466333333333       0.902998750000000      -0.476951669939110     
   2.40466333333333        1.20333166666667      -0.447965528043683     
   2.40466333333333        1.50366458333333      -0.419260212950318     
   2.40466333333333        1.80399750000000      -0.391830840039383     
   2.40466333333333        2.10433041666667      -0.366224934360364     
   2.40466333333333        2.40466333333333      -0.342596928751547     
   2.40466333333333        2.70499625000000      -0.320742731553177     
   2.40466333333333        3.00532916666667      -0.300274369840423     
   2.40466333333333        3.30566208333333      -0.280855865380855     
   2.40466333333333        3.60599500000000      -0.262343150808272     
   2.40466333333333        3.90632791666667      -0.244745181990195     
   2.40466333333333        4.20666083333333      -0.228070123896155     
   2.40466333333333        4.50699375000000      -0.212202753020543     
   2.40466333333333        4.80732666666667      -0.196910767370098     
   2.40466333333333        5.10765958333333      -0.181958778533233     
   2.40466333333333        5.40799250000000      -0.167225473141930     
   2.40466333333333        5.70832541666667      -0.152727078264729     
   2.40466333333333        6.00865833333333      -0.138537244920086     
   2.40466333333333        6.30899125000000      -0.124694121298149     
   2.40466333333333        6.60932416666667      -0.111264118167041     
   2.40466333333333        6.90965708333333      -9.874260171824355E-002
   2.40466333333333        7.20999000000000      -8.841438097172567E-002
   2.70499625000000       2.000000000000000E-003 -0.514874122342523     
   2.70499625000000       0.302332916666667      -0.504304288968008     
   2.70499625000000       0.602665833333333      -0.477895946326066     
   2.70499625000000       0.902998750000000      -0.446439323984685     
   2.70499625000000        1.20333166666667      -0.416910475884669     
   2.70499625000000        1.50366458333333      -0.390096098456710     
   2.70499625000000        1.80399750000000      -0.365227883147027     
   2.70499625000000        2.10433041666667      -0.342124227625381     
   2.70499625000000        2.40466333333333      -0.320742742646859     
   2.70499625000000        2.70499625000000      -0.300922522047175     
   2.70499625000000        3.00532916666667      -0.282378107756387     
   2.70499625000000        3.30566208333333      -0.264826518050519     
   2.70499625000000        3.60599500000000      -0.248096237615592     
   2.70499625000000        3.90632791666667      -0.232129356527772     
   2.70499625000000        4.20666083333333      -0.216897259425157     
   2.70499625000000        4.50699375000000      -0.202317896201130     
   2.70499625000000        4.80732666666667      -0.188243112041742     
   2.70499625000000        5.10765958333333      -0.174514486667121     
   2.70499625000000        5.40799250000000      -0.161027978763367     
   2.70499625000000        5.70832541666667      -0.147738144536674     
   2.70499625000000        6.00865833333333      -0.134571476526314     
   2.70499625000000        6.30899125000000      -0.121256196943022     
   2.70499625000000        6.60932416666667      -0.107501079098689     
   2.70499625000000        6.90965708333333      -9.409375441307564E-002
   2.70499625000000        7.20999000000000      -8.322101305789610E-002
   3.00532916666667       2.000000000000000E-003 -0.500424910903436     
   3.00532916666667       0.302332916666667      -0.486023184338702     
   3.00532916666667       0.602665833333333      -0.453313492202653     
   3.00532916666667       0.902998750000000      -0.418779399592447     
   3.00532916666667        1.20333166666667      -0.388372486196656     
   3.00532916666667        1.50366458333333      -0.362945006670597     
   3.00532916666667        1.80399750000000      -0.340327241758332     
   3.00532916666667        2.10433041666667      -0.319531353765958     
   3.00532916666667        2.40466333333333      -0.300274385473629     
   3.00532916666667        2.70499625000000      -0.282378113655330     
   3.00532916666667        3.00532916666667      -0.265614380973063     
   3.00532916666667        3.30566208333333      -0.249745334296305     
   3.00532916666667        3.60599500000000      -0.234599779047855     
   3.00532916666667        3.90632791666667      -0.220092001043254     
   3.00532916666667        4.20666083333333      -0.206177520035065     
   3.00532916666667        4.50699375000000      -0.192797786677786     
   3.00532916666667        4.80732666666667      -0.179859859678057     
   3.00532916666667        5.10765958333333      -0.167257552505537     
   3.00532916666667        5.40799250000000      -0.154904192051532     
   3.00532916666667        5.70832541666667      -0.142730560406509     
   3.00532916666667        6.00865833333333      -0.130600485579003     
   3.00532916666667        6.30899125000000      -0.118059857507184     
   3.00532916666667        6.60932416666667      -0.104418499841431     
   3.00532916666667        6.90965708333333      -8.991479143577424E-002
   3.00532916666667        7.20999000000000      -7.793741574303270E-002
   3.30566208333333       2.000000000000000E-003 -0.462854316386002     
   3.30566208333333       0.302332916666667      -0.448630675603782     
   3.30566208333333       0.602665833333333      -0.417987217616578     
   3.30566208333333       0.902998750000000      -0.386794227913429     
   3.30566208333333        1.20333166666667      -0.359631730867472     
   3.30566208333333        1.50366458333333      -0.336659672878476     
   3.30566208333333        1.80399750000000      -0.316502960242621     
   3.30566208333333        2.10433041666667      -0.298020989530054     
   3.30566208333333        2.40466333333333      -0.280855877459132     
   3.30566208333333        2.70499625000000      -0.264826524564954     
   3.30566208333333        3.00532916666667      -0.249745337738820     
   3.30566208333333        3.30566208333333      -0.235418524342024     
   3.30566208333333        3.60599500000000      -0.221698246085394     
   3.30566208333333        3.90632791666667      -0.208503395624632     
   3.30566208333333        4.20666083333333      -0.195792975587809     
   3.30566208333333        4.50699375000000      -0.183529172778261     
   3.30566208333333        4.80732666666667      -0.171655146127619     
   3.30566208333333        5.10765958333333      -0.160097824110266     
   3.30566208333333        5.40799250000000      -0.148787993863392     
   3.30566208333333        5.70832541666667      -0.137676217229801     
   3.30566208333333        6.00865833333333      -0.126733764809904     
   3.30566208333333        6.30899125000000      -0.115557560368147     
   3.30566208333333        6.60932416666667      -0.103183830537321     
   3.30566208333333        6.90965708333333      -8.903277019448375E-002
   3.30566208333333        7.20999000000000      -7.654537165666363E-002
   3.60599500000000       2.000000000000000E-003 -0.410506335157759     
   3.60599500000000       0.302332916666667      -0.397334365704970     
   3.60599500000000       0.602665833333333      -0.375286288094368     
   3.60599500000000       0.902998750000000      -0.352065209276014     
   3.60599500000000        1.20333166666667      -0.330541893876116     
   3.60599500000000        1.50366458333333      -0.311209932555250     
   3.60599500000000        1.80399750000000      -0.293703341651112     
   3.60599500000000        2.10433041666667      -0.277495384063817     
   3.60599500000000        2.40466333333333      -0.262343152062523     
   3.60599500000000        2.70499625000000      -0.248096238754128     
   3.60599500000000        3.00532916666667      -0.234599781619725     
   3.60599500000000        3.30566208333333      -0.221698247442944     
   3.60599500000000        3.60599500000000      -0.209275679948427     
   3.60599500000000        3.90632791666667      -0.197272367369334     
   3.60599500000000        4.20666083333333      -0.185663390293435     
   3.60599500000000        4.50699375000000      -0.174430881610681     
   3.60599500000000        4.80732666666667      -0.163540751090243     
   3.60599500000000        5.10765958333333      -0.152936933887562     
   3.60599500000000        5.40799250000000      -0.142558650830362     
   3.60599500000000        5.70832541666667      -0.132376907272286     
   3.60599500000000        6.00865833333333      -0.122476881133051     
   3.60599500000000        6.30899125000000      -0.112528285723358     
   3.60599500000000        6.60932416666667      -0.101673801236811     
   3.60599500000000        6.90965708333333      -8.918209810441949E-002
   3.60599500000000        7.20999000000000      -7.824046116431314E-002
   3.90632791666667       2.000000000000000E-003 -0.380258815076130     
   3.90632791666667       0.302332916666667      -0.364129637962566     
   3.90632791666667       0.602665833333333      -0.341095689958960     
   3.90632791666667       0.902998750000000      -0.321196633118049     
   3.90632791666667        1.20333166666667      -0.303553236177304     
   3.90632791666667        1.50366458333333      -0.287339581010150     
   3.90632791666667        1.80399750000000      -0.272229091943372     
   3.90632791666667        2.10433041666667      -0.258072721116407     
   3.90632791666667        2.40466333333333      -0.244745169583659     
   3.90632791666667        2.70499625000000      -0.232129347807677     
   3.90632791666667        3.00532916666667      -0.220091996875620     
   3.90632791666667        3.30566208333333      -0.208503392598264     
   3.90632791666667        3.60599500000000      -0.197272364186420     
   3.90632791666667        3.90632791666667      -0.186359610896108     
   3.90632791666667        4.20666083333333      -0.175759515586974     
   3.90632791666667        4.50699375000000      -0.165471689956035     
   3.90632791666667        4.80732666666667      -0.155474951659962     
   3.90632791666667        5.10765958333333      -0.145717875464725     
   3.90632791666667        5.40799250000000      -0.136133217707657     
   3.90632791666667        5.70832541666667      -0.126670387902400     
   3.90632791666667        6.00865833333333      -0.117345580814825     
   3.90632791666667        6.30899125000000      -0.107799715850301     
   3.90632791666667        6.60932416666667      -9.702300645549011E-002
   3.90632791666667        6.90965708333333      -8.430655634359178E-002
   3.90632791666667        7.20999000000000      -7.329140878885054E-002
   4.20666083333333       2.000000000000000E-003 -0.343355117767505     
   4.20666083333333       0.302332916666667      -0.332981856108287     
   4.20666083333333       0.602665833333333      -0.313414025489829     
   4.20666083333333       0.902998750000000      -0.295170662933480     
   4.20666083333333        1.20333166666667      -0.279507431521945     
   4.20666083333333        1.50366458333333      -0.265408916758812     
   4.20666083333333        1.80399750000000      -0.252236520560321     
   4.20666083333333        2.10433041666667      -0.239817689271888     
   4.20666083333333        2.40466333333333      -0.228070102127500     
   4.20666083333333        2.70499625000000      -0.216897240781170     
   4.20666083333333        3.00532916666667      -0.206177505126546     
   4.20666083333333        3.30566208333333      -0.195792962348324     
   4.20666083333333        3.60599500000000      -0.185663379109444     
   4.20666083333333        3.90632791666667      -0.175759509435127     
   4.20666083333333        4.20666083333333      -0.166088018492053     
   4.20666083333333        4.50699375000000      -0.156660580624989     
   4.20666083333333        4.80732666666667      -0.147463720415820     
   4.20666083333333        5.10765958333333      -0.138446249178423     
   4.20666083333333        5.40799250000000      -0.129529831039377     
   4.20666083333333        5.70832541666667      -0.120628473350329     
   4.20666083333333        6.00865833333333      -0.111631790109449     
   4.20666083333333        6.30899125000000      -0.102182515752694     
   4.20666083333333        6.60932416666667      -9.155112961830580E-002
   4.20666083333333        6.90965708333333      -7.997743990557193E-002
   4.20666083333333        7.20999000000000      -7.075973768466901E-002
   4.50699375000000       2.000000000000000E-003 -0.305474884984571     
   4.50699375000000       0.302332916666667      -0.299230891151026     
   4.50699375000000       0.602665833333333      -0.285378567689209     
   4.50699375000000       0.902998750000000      -0.270431549850194     
   4.50699375000000        1.20333166666667      -0.257095896900331     
   4.50699375000000        1.50366458333333      -0.244939750649854     
   4.50699375000000        1.80399750000000      -0.233461371023719     
   4.50699375000000        2.10433041666667      -0.222560668502063     
   4.50699375000000        2.40466333333333      -0.212202731263972     
   4.50699375000000        2.70499625000000      -0.202317873192582     
   4.50699375000000        3.00532916666667      -0.192797763363003     
   4.50699375000000        3.30566208333333      -0.183529150329409     
   4.50699375000000        3.60599500000000      -0.174430863801141     
   4.50699375000000        3.90632791666667      -0.165471680635075     
   4.50699375000000        4.20666083333333      -0.156660579551300     
   4.50699375000000        4.50699375000000      -0.148016331109050     
   4.50699375000000        4.80732666666667      -0.139533737178468     
   4.50699375000000        5.10765958333333      -0.131166557893178     
   4.50699375000000        5.40799250000000      -0.122835669172177     
   4.50699375000000        5.70832541666667      -0.114449076724157     
   4.50699375000000        6.00865833333333      -0.105894504468918     
   4.50699375000000        6.30899125000000      -9.694176499498390E-002
   4.50699375000000        6.60932416666667      -8.733435419904173E-002
   4.50699375000000        6.90965708333333      -7.779777998724956E-002
   4.50699375000000        7.20999000000000      -7.035710405634633E-002
   4.80732666666667       2.000000000000000E-003 -0.268100572264000     
   4.80732666666667       0.302332916666667      -0.264367328990026     
   4.80732666666667       0.602665833333333      -0.255512454353732     
   4.80732666666667       0.902998750000000      -0.245311021771246     
   4.80732666666667        1.20333166666667      -0.235116750998154     
   4.80732666666667        1.50366458333333      -0.225114011111660     
   4.80732666666667        1.80399750000000      -0.215361594972338     
   4.80732666666667        2.10433041666667      -0.205943709395869     
   4.80732666666667        2.40466333333333      -0.196910754810555     
   4.80732666666667        2.70499625000000      -0.188243093547800     
   4.80732666666667        3.00532916666667      -0.179859837381241     
   4.80732666666667        3.30566208333333      -0.171655124848622     
   4.80732666666667        3.60599500000000      -0.163540737304555     
   4.80732666666667        3.90632791666667      -0.155474949692998     
   4.80732666666667        4.20666083333333      -0.147463728943089     
   4.80732666666667        4.50699375000000      -0.139533747579932     
   4.80732666666667        4.80732666666667      -0.131694305628119     
   4.80732666666667        5.10765958333333      -0.123913511065721     
   4.80732666666667        5.40799250000000      -0.116124632460388     
   4.80732666666667        5.70832541666667      -0.108255443553954     
   4.80732666666667        6.00865833333333      -0.100257055469748     
   4.80732666666667        6.30899125000000      -9.211765095967904E-002
   4.80732666666667        6.60932416666667      -8.392466077887796E-002
   4.80732666666667        6.90965708333333      -7.615798209222920E-002
   4.80732666666667        7.20999000000000      -6.997452589373528E-002
   5.10765958333333       2.000000000000000E-003 -0.232289024353765     
   5.10765958333333       0.302332916666667      -0.230611188151085     
   5.10765958333333       0.602665833333333      -0.226186004758399     
   5.10765958333333       0.902998750000000      -0.220042964921699     
   5.10765958333333        1.20333166666667      -0.212935085166834     
   5.10765958333333        1.50366458333333      -0.205303209687996     
   5.10765958333333        1.80399750000000      -0.197454964185401     
   5.10765958333333        2.10433041666667      -0.189623664971300     
   5.10765958333333        2.40466333333333      -0.181958780455133     
   5.10765958333333        2.70499625000000      -0.174514482525004     
   5.10765958333333        3.00532916666667      -0.167257544993316     
   5.10765958333333        3.30566208333333      -0.160097820223314     
   5.10765958333333        3.60599500000000      -0.152936939572864     
   5.10765958333333        3.90632791666667      -0.145717891916674     
   5.10765958333333        4.20666083333333      -0.138446276398327     
   5.10765958333333        4.50699375000000      -0.131166586059701     
   5.10765958333333        4.80732666666667      -0.123913526545661     
   5.10765958333333        5.10765958333333      -0.116677214724778     
   5.10765958333333        5.40799250000000      -0.109406376126251     
   5.10765958333333        5.70832541666667      -0.102047256557070     
   5.10765958333333        6.00865833333333      -9.459779249326289E-002
   5.10765958333333        6.30899125000000      -8.715724296825614E-002
   5.10765958333333        6.60932416666667      -7.997174354915673E-002
   5.10765958333333        6.90965708333333      -7.347784458322359E-002
   5.10765958333333        7.20999000000000      -6.820682559936558E-002
   5.40799250000000       2.000000000000000E-003 -0.198006743135513     
   5.40799250000000       0.302332916666667      -0.198108058718609     
   5.40799250000000       0.602665833333333      -0.196936809541375     
   5.40799250000000       0.902998750000000      -0.194376971170242     
   5.40799250000000        1.20333166666667      -0.190397579723857     
   5.40799250000000        1.50366458333333      -0.185335485113372     
   5.40799250000000        1.80399750000000      -0.179577840479155     
   5.40799250000000        2.10433041666667      -0.173458444393186     
   5.40799250000000        2.40466333333333      -0.167225490010639     
   5.40799250000000        2.70499625000000      -0.161027999786459     
   5.40799250000000        3.00532916666667      -0.154904211448244     
   5.40799250000000        3.30566208333333      -0.148788027095009     
   5.40799250000000        3.60599500000000      -0.142558697690983     
   5.40799250000000        3.90632791666667      -0.136133251242300     
   5.40799250000000        4.20666083333333      -0.129529874904144     
   5.40799250000000        4.50699375000000      -0.122835713430173     
   5.40799250000000        4.80732666666667      -0.116124654359737     
   5.40799250000000        5.10765958333333      -0.109406375384093     
   5.40799250000000        5.40799250000000      -0.102631651520178     
   5.40799250000000        5.70832541666667      -9.574154526289019E-002
   5.40799250000000        6.00865833333333      -8.873930130998683E-002
   5.40799250000000        6.30899125000000      -8.175447277070723E-002
   5.40799250000000        6.60932416666667      -7.506123943939763E-002
   5.40799250000000        6.90965708333333      -6.908841395509964E-002
   5.40799250000000        7.20999000000000      -6.449909589355270E-002
   5.70832541666667       2.000000000000000E-003 -0.157663232589904     
   5.70832541666667       0.302332916666667      -0.164001587307429     
   5.70832541666667       0.602665833333333      -0.166760330858440     
   5.70832541666667       0.902998750000000      -0.168376540195697     
   5.70832541666667        1.20333166666667      -0.167862350425392     
   5.70832541666667        1.50366458333333      -0.165507517695305     
   5.70832541666667        1.80399750000000      -0.161919480683954     
   5.70832541666667        2.10433041666667      -0.157544543760351     
   5.70832541666667        2.40466333333333      -0.152727097955464     
   5.70832541666667        2.70499625000000      -0.147738215353437     
   5.70832541666667        3.00532916666667      -0.142730609348390     
   5.70832541666667        3.30566208333333      -0.137676328018406     
   5.70832541666667        3.60599500000000      -0.132377139967045     
   5.70832541666667        3.90632791666667      -0.126670359760706     
   5.70832541666667        4.20666083333333      -0.120628533682891     
   5.70832541666667        4.50699375000000      -0.114449130006088     
   5.70832541666667        4.80732666666667      -0.108255444700171     
   5.70832541666667        5.10765958333333      -0.102047221523103     
   5.70832541666667        5.40799250000000      -9.574149236963650E-002
   5.70832541666667        5.70832541666667      -8.923505658552836E-002
   5.70832541666667        6.00865833333333      -8.249313511793656E-002
   5.70832541666667        6.30899125000000      -7.558954159837893E-002
   5.70832541666667        6.60932416666667      -6.880341968400000E-002
   5.70832541666667        6.90965708333333      -6.268711304586995E-002
   5.70832541666667        7.20999000000000      -5.881731248120703E-002
   6.00865833333333       2.000000000000000E-003 -0.116568198756881     
   6.00865833333333       0.302332916666667      -0.127904746175530     
   6.00865833333333       0.602665833333333      -0.136356312717916     
   6.00865833333333       0.902998750000000      -0.142846793909673     
   6.00865833333333        1.20333166666667      -0.145927086774182     
   6.00865833333333        1.50366458333333      -0.146305722120923     
   6.00865833333333        1.80399750000000      -0.144843956661623     
   6.00865833333333        2.10433041666667      -0.142107240271913     
   6.00865833333333        2.40466333333333      -0.138537177007116     
   6.00865833333333        2.70499625000000      -0.134571338985276     
   6.00865833333333        3.00532916666667      -0.130601520462386     
   6.00865833333333        3.30566208333333      -0.126734554321594     
   6.00865833333333        3.60599500000000      -0.122486113042172     
   6.00865833333333        3.90632791666667      -0.117344581446738     
   6.00865833333333        4.20666083333333      -0.111632462429909     
   6.00865833333333        4.50699375000000      -0.105894272514388     
   6.00865833333333        4.80732666666667      -0.100256975386124     
   6.00865833333333        5.10765958333333      -9.459769290968144E-002
   6.00865833333333        5.40799250000000      -8.873911571505123E-002
   6.00865833333333        5.70832541666667      -8.249297999568767E-002
   6.00865833333333        6.00865833333333      -7.569964658878731E-002
   6.00865833333333        6.30899125000000      -6.841749565449626E-002
   6.00865833333333        6.60932416666667      -6.081559866271044E-002
   6.00865833333333        6.90965708333333      -5.360466795316107E-002
   6.00865833333333        7.20999000000000      -4.890842869093839E-002
   6.30899125000000       2.000000000000000E-003 -7.549732200226340E-002
   6.30899125000000       0.302332916666667      -9.161700985835124E-002
   6.30899125000000       0.602665833333333      -0.107982795989395     
   6.30899125000000       0.902998750000000      -0.118680026866288     
   6.30899125000000        1.20333166666667      -0.124812789141553     
   6.30899125000000        1.50366458333333      -0.127989932066165     
   6.30899125000000        1.80399750000000      -0.128673552777100     
   6.30899125000000        2.10433041666667      -0.127374855576691     
   6.30899125000000        2.40466333333333      -0.124694508499112     
   6.30899125000000        2.70499625000000      -0.121212441355028     
   6.30899125000000        3.00532916666667      -0.118069589824904     
   6.30899125000000        3.30566208333333      -0.115557839999002     
   6.30899125000000        3.60599500000000      -0.112553014022425     
   6.30899125000000        3.90632791666667      -0.107798117678235     
   6.30899125000000        4.20666083333333      -0.102186171989142     
   6.30899125000000        4.50699375000000      -9.691017488664570E-002
   6.30899125000000        4.80732666666667      -9.211800515806837E-002
   6.30899125000000        5.10765958333333      -8.715706185405889E-002
   6.30899125000000        5.40799250000000      -8.175404902306732E-002
   6.30899125000000        5.70832541666667      -7.558910242520121E-002
   6.30899125000000        6.00865833333333      -6.841725997521486E-002
   6.30899125000000        6.30899125000000      -6.026696584851425E-002
   6.30899125000000        6.60932416666667      -5.104280099692929E-002
   6.30899125000000        6.90965708333333      -4.130616891041205E-002
   6.30899125000000        7.20999000000000      -3.458543801072762E-002
   6.60932416666667       2.000000000000000E-003 -3.307983668096266E-002
   6.60932416666667       0.302332916666667      -6.075270337917506E-002
   6.60932416666667       0.602665833333333      -8.267592109538556E-002
   6.60932416666667       0.902998750000000      -9.465725130782375E-002
   6.60932416666667        1.20333166666667      -0.104088550921171     
   6.60932416666667        1.50366458333333      -0.110628024574685     
   6.60932416666667        1.80399750000000      -0.113655540277807     
   6.60932416666667        2.10433041666667      -0.113596161918051     
   6.60932416666667        2.40466333333333      -0.111264611182459     
   6.60932416666667        2.70499625000000      -0.107525628126590     
   6.60932416666667        3.00532916666667      -0.104035757406770     
   6.60932416666667        3.30566208333333      -0.103192539320200     
   6.60932416666667        3.60599500000000      -0.101695156841319     
   6.60932416666667        3.90632791666667      -9.702811150513004E-002
   6.60932416666667        4.20666083333333      -9.130988516490252E-002
   6.60932416666667        4.50699375000000      -8.735319939919084E-002
   6.60932416666667        4.80732666666667      -8.392489746929085E-002
   6.60932416666667        5.10765958333333      -7.997150963322378E-002
   6.60932416666667        5.40799250000000      -7.506079926265681E-002
   6.60932416666667        5.70832541666667      -6.880281642349771E-002
   6.60932416666667        6.00865833333333      -6.081514939754312E-002
   6.60932416666667        6.30899125000000      -5.104259814387055E-002
   6.60932416666667        6.60932416666667      -3.973568161733924E-002
   6.60932416666667        6.90965708333333      -2.703921364032708E-002
   6.60932416666667        7.20999000000000      -1.674025064212431E-002
   6.90965708333333       2.000000000000000E-003 -8.646141141572625E-003
   6.90965708333333       0.302332916666667      -3.773477080314364E-002
   6.90965708333333       0.602665833333333      -5.103857980594483E-002
   6.90965708333333       0.902998750000000      -6.799156022367990E-002
   6.90965708333333        1.20333166666667      -8.407947969233813E-002
   6.90965708333333        1.50366458333333      -9.485890820850096E-002
   6.90965708333333        1.80399750000000      -0.100238699604709     
   6.90965708333333        2.10433041666667      -0.101212597913315     
   6.90965708333333        2.40466333333333      -9.876101217413383E-002
   6.90965708333333        2.70499625000000      -9.412065830071899E-002
   6.90965708333333        3.00532916666667      -8.993178063273974E-002
   6.90965708333333        3.30566208333333      -8.871279279598428E-002
   6.90965708333333        3.60599500000000      -8.919893022355405E-002
   6.90965708333333        3.90632791666667      -8.404032798067262E-002
   6.90965708333333        4.20666083333333      -7.998950109879271E-002
   6.90965708333333        4.50699375000000      -7.781900325951811E-002
   6.90965708333333        4.80732666666667      -7.617526530993324E-002
   6.90965708333333        5.10765958333333      -7.347844608332856E-002
   6.90965708333333        5.40799250000000      -6.908842886966325E-002
   6.90965708333333        5.70832541666667      -6.268695763719645E-002
   6.90965708333333        6.00865833333333      -5.360439701827385E-002
   6.90965708333333        6.30899125000000      -4.130589666784638E-002
   6.90965708333333        6.60932416666667      -2.703902975898658E-002
   6.90965708333333        6.90965708333333      -1.513690592739531E-002
   6.90965708333333        7.20999000000000      -5.928739048266404E-003
   7.20999000000000       2.000000000000000E-003 -1.153086641456187E-002
   7.20999000000000       0.302332916666667      -3.875293559908762E-004
   7.20999000000000       0.602665833333333      -1.317773427411079E-002
   7.20999000000000       0.902998750000000      -4.246553863198108E-002
   7.20999000000000        1.20333166666667      -6.412521129367842E-002
   7.20999000000000        1.50366458333333      -7.963949044006362E-002
   7.20999000000000        1.80399750000000      -8.919515361170774E-002
   7.20999000000000        2.10433041666667      -9.087900328664389E-002
   7.20999000000000        2.40466333333333      -8.814191268216978E-002
   7.20999000000000        2.70499625000000      -8.276212995789382E-002
   7.20999000000000        3.00532916666667      -7.748831671254161E-002
   7.20999000000000        3.30566208333333      -7.639373998626732E-002
   7.20999000000000        3.60599500000000      -7.824056615809573E-002
   7.20999000000000        3.90632791666667      -7.314485016905967E-002
   7.20999000000000        4.20666083333333      -7.043856602254367E-002
   7.20999000000000        4.50699375000000      -7.001388715307000E-002
   7.20999000000000        4.80732666666667      -6.970155912357102E-002
   7.20999000000000        5.10765958333333      -6.820444424844206E-002
   7.20999000000000        5.40799250000000      -6.450201671088913E-002
   7.20999000000000        5.70832541666667      -5.882108311865652E-002
   7.20999000000000        6.00865833333333      -4.890872425549839E-002
   7.20999000000000        6.30899125000000      -3.458424525688625E-002
   7.20999000000000        6.60932416666667      -1.673809227435753E-002
   7.20999000000000        6.90965708333333      -5.928297862207381E-003
   7.20999000000000        7.20999000000000      -5.953606450132591E-003
